[gd_scene load_steps=18 format=2]

[ext_resource path="res://Scenes/ball.tscn" type="PackedScene" id=1]
[ext_resource path="res://Scenes/gem.tscn" type="PackedScene" id=2]
[ext_resource path="res://Scenes/pyramid.tscn" type="PackedScene" id=3]
[ext_resource path="res://SciptsToMoveCharacter/ActualPlayer.gd" type="Script" id=4]
[ext_resource path="res://Scenes/Player.tscn" type="PackedScene" id=5]
[ext_resource path="res://Scripts/ball.gd" type="Script" id=6]
[ext_resource path="res://Scripts/Main.gd" type="Script" id=7]
[ext_resource path="res://Scripts/cube.gd" type="Script" id=8]
[ext_resource path="res://Scripts/gem.gd" type="Script" id=9]
[ext_resource path="res://Scenes/cube.tscn" type="PackedScene" id=10]
[ext_resource path="res://Scripts/pyramid.gd" type="Script" id=11]
[ext_resource path="res://Assets/Untitled-1.png" type="Texture" id=12]

[sub_resource type="SpatialMaterial" id=1]
albedo_color = Color( 0.156863, 0.141176, 0.141176, 1 )

[sub_resource type="QuadMesh" id=2]
material = SubResource( 1 )
size = Vector2( 50, 50 )

[sub_resource type="SpatialMaterial" id=3]
flags_transparent = true
flags_unshaded = true
flags_albedo_tex_force_srgb = true
albedo_texture = ExtResource( 12 )

[sub_resource type="QuadMesh" id=4]
material = SubResource( 3 )

[sub_resource type="CubeMesh" id=5]
size = Vector3( 1, 1, 1 )

[node name="Main" type="Node"]
script = ExtResource( 7 )

[node name="Timer" type="Timer" parent="."]

[node name="DirectionalLight" type="DirectionalLight" parent="."]
transform = Transform( -0.889634, 0.456556, 0.0103407, -0.0534578, -0.126601, 0.990512, 0.453534, 0.880641, 0.137035, 0, 19.9336, -2.5403 )
light_color = Color( 0.854902, 0.854902, 0.803922, 1 )
light_energy = 0.43
light_indirect_energy = 1.01
light_specular = 0.76
shadow_enabled = true
directional_shadow_mode = 1
directional_shadow_split_1 = 0.156
directional_shadow_split_2 = 0.24
directional_shadow_blend_splits = true

[node name="Player" parent="." instance=ExtResource( 5 )]
transform = Transform( 0.25, 0, 0, 0, 0.25, 0, 0, 0, 0.25, 0, 0, 0 )
visible = false
collision/safe_margin = 1.0
script = ExtResource( 4 )

[node name="floor" type="MeshInstance" parent="."]
transform = Transform( 0.999391, -0.0348995, -5.68585e-09, 0, -1.62921e-07, 1, -0.0348995, -0.999391, -1.62821e-07, 0.014, -2, 0.011 )
mesh = SubResource( 2 )
material/0 = null

[node name="pyramid" parent="." instance=ExtResource( 3 )]
transform = Transform( 1, 0, 0, 0, 1, 0, 0, 0, 1, 10, 0, 0 )
visible = false
script = ExtResource( 11 )

[node name="ball" parent="." instance=ExtResource( 1 )]
transform = Transform( 1, 0, 0, 0, 1, 0, 0, 0, 1, 10, 0, 0 )
visible = false
script = ExtResource( 6 )

[node name="gem" parent="." instance=ExtResource( 2 )]
transform = Transform( 1, 0, 0, 0, 1, 0, 0, 0, 1, 10, 0, 0 )
visible = false
script = ExtResource( 9 )

[node name="Sprite3D" type="Sprite3D" parent="."]
visible = false

[node name="MeshInstance" type="MeshInstance" parent="Sprite3D"]
transform = Transform( 0.732436, 0, -0.680836, 0, 1, 0, 0.680836, 0, 0.732436, 0, 1.47475, -2.4422 )
mesh = SubResource( 4 )
material/0 = null

[node name="cube" parent="." instance=ExtResource( 10 )]
transform = Transform( 1, 0, 0, 0, 1, 0, 0, 0, 1, 10, 0, 0 )
script = ExtResource( 8 )

[node name="Camera" type="Camera" parent="."]
transform = Transform( 1, 0, 0, 0, 0.906308, 0.422618, 0, -0.422618, 0.906308, 0, 3.29601, 5.05627 )
visible = false
fov = 77.7
size = 0.1
far = 1000.0

[node name="target" type="MeshInstance" parent="."]
transform = Transform( 1, 0, 0, 0, 1, 0, 0, 0, 1, 2.5, -16.817, -30 )
mesh = SubResource( 5 )
material/0 = null
[connection signal="click" from="." to="Player" method="_on_Main_click"]
[connection signal="swiped" from="." to="Player" method="_on_Main_swiped"]
[connection signal="destroy" from="Player" to="ball" method="_on_Player_destroy"]
[connection signal="destroy" from="Player" to="pyramid" method="_on_Player_destroy"]
[connection signal="destroy" from="Player" to="gem" method="_on_Player_destroy"]
[connection signal="playermove" from="Player" to="." method="_on_Player_playermove"]
